2.024999954737723 0.2707
2.149999951943755 0.078
2.264999949373305 0.0201
2.3799999468028545 0.0204
2.4999999441206455 0.038
2.614999941550195 0.0575
2.734999938867986 0.0744
2.854999936185777 -0.4316
2.974999933503568 0.0754
3.0849999310448766 -0.103
3.1899999286979437 0.7038
3.3099999260157347 -4.6038
3.414999923668802 -6.5036
3.52499992121011 -6.2233
3.63999991863966 -5.6568
3.7499999161809683 -5.0273
3.8599999137222767 -4.7012
3.969999911263585 -3.8753
4.074999908916652 -0.1335
4.189999906346202 -0.0163
4.29999990388751 0.0118
4.424999901093543 0.0131
4.539999898523092 0.0092
4.644999896176159 -8.9569
4.754999893717468 0.0032
4.859999891370535 0.0021
4.974999888800085 0.0012
5.084999886341393 0.0
5.199999883770943 -0.0001
5.314999881200492 0.0003
5.429999878630042 9.1941
5.544999876059592 -8.8989
5.6599998734891415 -0.0484
5.7799998708069324 1.1332
5.894999868236482 -2.1163
6.009999865666032 5.8745
6.1249998630955815 3.0967
6.2449998604133725 4.239
6.359999857842922 4.1593
6.474999855272472 4.9083
6.599999852478504 4.9747
6.719999849796295 4.0952
6.779999848455191 2.7441
6.834999847225845 2.3599
6.89499984588474 1.7198
6.954999844543636 1.1585
7.024999842979014 0.7559
7.079999841749668 0.4199
7.139999840408564 2.2154
7.194999839179218 -0.5343
7.249999837949872 -0.0265
7.3099998366087675 0.7468
7.369999835267663 -0.0466
7.424999834038317 0.0829
7.479999832808971 -0.143
7.539999831467867 -0.1529
7.594999830238521 0.1574
7.649999829009175 -0.1106
7.709999827668071 -0.0268
7.764999826438725 0.0023
7.8249998250976205 0.0517
7.884999823756516 0.111
7.93999982252717 0.1328
7.999999821186066 0.1431
