2.024999954737723 0.0
2.149999951943755 0.0
2.264999949373305 0.0
2.3799999468028545 0.0
2.4999999441206455 0.0
2.614999941550195 0.0
2.734999938867986 0.0
2.854999936185777 0.0
2.974999933503568 0.0
3.0849999310448766 0.0
3.1899999286979437 0.0
3.3099999260157347 100.0
3.414999923668802 100.0
3.52499992121011 100.0
3.63999991863966 100.0
3.7499999161809683 100.0
3.8599999137222767 100.0
3.969999911263585 100.0
4.074999908916652 100.0
4.189999906346202 100.0
4.29999990388751 100.0
4.424999901093543 100.0
4.539999898523092 100.0
4.644999896176159 0.0
4.754999893717468 100.0
4.859999891370535 100.0
4.974999888800085 100.0
5.084999886341393 100.0
5.199999883770943 100.0
5.314999881200492 100.0
5.429999878630042 0.0
5.544999876059592 0.0
5.6599998734891415 0.0
5.7799998708069324 0.0
5.894999868236482 0.0
6.009999865666032 0.0
6.1249998630955815 0.0
6.2449998604133725 0.0
6.359999857842922 0.0
6.474999855272472 0.0
6.599999852478504 0.0
6.719999849796295 0.0
6.779999848455191 0.0
6.834999847225845 0.0
6.89499984588474 0.0
6.954999844543636 0.0
7.024999842979014 0.0
7.079999841749668 0.0
7.139999840408564 0.0
7.194999839179218 0.0
7.249999837949872 0.0
7.3099998366087675 0.0
7.369999835267663 0.0
7.424999834038317 0.0
7.479999832808971 0.0
7.539999831467867 0.0
7.594999830238521 0.0
7.649999829009175 0.0
7.709999827668071 0.0
7.764999826438725 0.0
7.8249998250976205 0.0
7.884999823756516 0.0
7.93999982252717 0.0
7.999999821186066 0.0
