2.024999954737723 42.31753647327423
2.149999951943755 41.467368602752686
2.264999949373305 41.3357675075531
2.3799999468028545 41.49541258811951
2.4999999441206455 41.69503450393677
2.614999941550195 41.869425773620605
2.734999938867986 41.9819176197052
2.854999936185777 42.049139738082886
2.974999933503568 42.31516718864441
3.0849999310448766 42.4466609954834
3.1899999286979437 42.505717277526855
3.3099999260157347 0.0
3.414999923668802 0.0
3.52499992121011 0.0
3.63999991863966 0.0
3.7499999161809683 0.0
3.8599999137222767 0.0
3.969999911263585 0.0
4.074999908916652 0.0
4.189999906346202 0.0
4.29999990388751 0.0
4.424999901093543 0.0
4.539999898523092 0.0
4.644999896176159 100.0
4.754999893717468 0.0
4.859999891370535 0.0
4.974999888800085 0.0
5.084999886341393 0.0
5.199999883770943 0.0
5.314999881200492 0.0
5.429999878630042 29.05297577381134
5.544999876059592 41.21015965938568
5.6599998734891415 55.25444149971008
5.7799998708069324 64.98064994812012
5.894999868236482 75.58940052986145
6.009999865666032 80.7591438293457
6.1249998630955815 88.7398362159729
6.2449998604133725 96.39863967895508
6.359999857842922 99.12946820259094
6.474999855272472 100.0
6.599999852478504 90.87621569633484
6.719999849796295 76.47796273231506
6.779999848455191 62.037789821624756
6.834999847225845 51.64041519165039
6.89499984588474 47.939932346343994
6.954999844543636 45.733556151390076
7.024999842979014 44.053298234939575
7.079999841749668 42.95245707035065
7.139999840408564 42.190173268318176
7.194999839179218 42.13782250881195
7.249999837949872 42.858147621154785
7.3099998366087675 43.360546231269836
7.369999835267663 42.733195424079895
7.424999834038317 43.100908398628235
7.479999832808971 43.445077538490295
7.539999831467867 43.65132749080658
7.594999830238521 43.377140164375305
7.649999829009175 42.59352684020996
7.709999827668071 42.907944321632385
7.764999826438725 43.155449628829956
7.8249998250976205 43.3007150888443
7.884999823756516 43.347665667533875
7.93999982252717 43.34034025669098
7.999999821186066 43.29191446304321
