2.024999954737723 0.0017
2.149999951943755 0.0005
2.264999949373305 -0.0
2.3799999468028545 0.0001
2.4999999441206455 0.0003
2.614999941550195 0.0004
2.734999938867986 0.0008
2.854999936185777 -0.2302
2.974999933503568 -1.2894
3.0849999310448766 -1.4393
3.1899999286979437 -1.868
3.3099999260157347 -0.6788
3.414999923668802 0.2174
3.52499992121011 0.6519
3.63999991863966 0.943
3.7499999161809683 1.1056
3.8599999137222767 1.1152
3.969999911263585 1.0669
4.074999908916652 0.2297
4.189999906346202 0.0221
4.29999990388751 -0.0046
4.424999901093543 -0.0044
4.539999898523092 -0.0025
4.644999896176159 2.8122
4.754999893717468 -0.0013
4.859999891370535 -0.0014
4.974999888800085 -0.0011
5.084999886341393 0.0
5.199999883770943 0.0001
5.314999881200492 -0.0002
5.429999878630042 -1.9686
5.544999876059592 1.8926
5.6599998734891415 -0.0638
5.7799998708069324 -0.1722
5.894999868236482 0.3215
6.009999865666032 1.7893
6.1249998630955815 0.5964
6.2449998604133725 1.1782
6.359999857842922 1.4378
6.474999855272472 1.8672
6.599999852478504 1.89
6.719999849796295 1.8052
6.779999848455191 1.5381
6.834999847225845 -0.7452
6.89499984588474 -1.524
6.954999844543636 -1.2214
7.024999842979014 -0.855
7.079999841749668 -0.6019
7.139999840408564 -0.5914
7.194999839179218 -0.3534
7.249999837949872 -0.4298
7.3099998366087675 -0.4286
7.369999835267663 -0.4485
7.424999834038317 -0.3432
7.479999832808971 -0.3892
7.539999831467867 0.8598
7.594999830238521 -0.8064
7.649999829009175 -0.0946
7.709999827668071 -0.141
7.764999826438725 -0.2164
7.8249998250976205 0.0278
7.884999823756516 -0.0976
7.93999982252717 -0.1327
7.999999821186066 -0.1413
