2.024999954737723 -8.881784197001252e-14
2.149999951943755 -8.881784197001252e-14
2.264999949373305 -8.881784197001252e-14
2.3799999468028545 -8.881784197001252e-14
2.4999999441206455 -8.881784197001252e-14
2.614999941550195 -8.881784197001252e-14
2.734999938867986 -8.881784197001252e-14
2.854999936185777 -2.587676979601383
2.974999933503568 -9.708289802074432
3.0849999310448766 -13.653284311294556
3.1899999286979437 -13.088753819465637
3.3099999260157347 -15.000000596046448
3.414999923668802 -15.000000596046448
3.52499992121011 -15.000000596046448
3.63999991863966 -15.000000596046448
3.7499999161809683 -15.000000596046448
3.8599999137222767 -15.000000596046448
3.969999911263585 -15.000000596046448
4.074999908916652 -15.000000596046448
4.189999906346202 -15.000000596046448
4.29999990388751 -15.000000596046448
4.424999901093543 -15.000000596046448
4.539999898523092 -15.000000596046448
4.644999896176159 -14.524519443511963
4.754999893717468 -15.000000596046448
4.859999891370535 0.0
4.974999888800085 0.0
5.084999886341393 0.0
5.199999883770943 22.499999403953552
5.314999881200492 30.000001192092896
5.429999878630042 -0.07058681221678853
5.544999876059592 0.12947145150974393
5.6599998734891415 -0.060583645245060325
5.7799998708069324 52.454376220703125
5.894999868236482 54.257285594940186
6.009999865666032 52.69128084182739
6.1249998630955815 47.933804988861084
6.2449998604133725 45.191654562950134
6.359999857842922 41.22162163257599
6.474999855272472 37.00637221336365
6.599999852478504 28.979572653770447
6.719999849796295 21.852192282676697
6.779999848455191 16.41629934310913
6.834999847225845 5.7327792048454285
6.89499984588474 -1.3445802964270115
6.954999844543636 -4.1850510984659195
7.024999842979014 -5.015446245670319
7.079999841749668 -5.015446245670319
7.139999840408564 -5.134491994976997
7.194999839179218 -4.232697561383247
7.249999837949872 -4.480026289820671
7.3099998366087675 -4.480026289820671
7.369999835267663 -4.625292494893074
7.424999834038317 -4.140503704547882
7.479999832808971 -4.18815016746521
7.539999831467867 -2.457483485341072
7.594999830238521 -2.4550069123506546
7.649999829009175 -2.4550069123506546
7.709999827668071 -2.4550069123506546
7.764999826438725 -2.6002729311585426
7.8249998250976205 -1.3472792692482471
7.884999823756516 -1.4663251116871834
7.93999982252717 -1.5139715746045113
7.999999821186066 -1.5139715746045113
